21101020130606022686435653080  001  660475  R  19.2                      0                          
21101020130606022686435653080  002  660412  R  9.6                       0                          
21101020130606022686435653080  003  660415  R  25.6                      0                          
21101020130606022686435653080  004  660001  R  19.2                      0                          
21101020130603019150429611975  001  660005  A  0                         0                          
21101020130603019150429611975  002  660004  A  0                         0                          
21101020130603019150429611975  003  660001  A  0                         0                          
21101020130603019180906894716  001  665888  A  0                         0                          
21101020130603019180906894716  002  660001  A  0                         0                          
21101020130603019180906894716  003  660475  A  0                         0                          
21101020130603019150429649737  001  660005  A  0                         0                          
21101020130603019150429649737  002  660004  A  0                         0                          
21101020130603019150429649737  003  660001  A  0                         0                          
21101020130603019150429126697  001  660475  A  0                         0                          
21101020130603019150429126697  002  660005  A  0                         0                          
21101020130603019150429126697  003  660001  A  0                         0                          
21101020130604019440921566101  001  660475  A  0                         0                          
21101020130604019440921566101  002  660001  A  0                         0                          
21101020130604019440921566101  003  666033  A  0                         0                          
21101020130604019440921566101  004  660412  R  0                         0                          
